16959 33063936  0 -6 -10 {'0212':(0,-6,-4),'0211':(1,-6,1),'0213':(0,-6,-9),'0313':(0,-6,-10),'4333':(0,-6,-10),'0413':(0,-6,-10),'1413':(0,-6,-10),'2423':(2,-6,-17),'2433':(0,-6,-10),'2413':(0,-6,-10),'3433':(0,-6,-10),'4433':(0,-6,-10)}
33063936 8767  0 5 10 {'0011':(1.0,-7.0,3.0),'1011':(0,5,10),'2021':(2,5,17),'2011':(0,5,12),'2031':(0,5,12),'3031':(0,5,10),'4031':(0,5,10),'0102':(2,5,17),'0111':(0,5,10),'4131':(0,5,10),'4232':(0,5,20),'4233':(1,5,20),'4231':(0,5,21)}
8767 16548864  0 -6 -4 {'1213':(0,-6,12),'1222':(1,-6,3),'1202':(0,-6,4),'0302':(0,-6,10),'0313':(0,-6,10),'2423':(0,-6,10),'2433':(0,-6,-4),'2413':(0,5,22),'4333':(0,-6,-4),'0413':(0,-6,10),'1413':(0,-6,10),'3433':(0,-6,-4),'4433':(0,-6,-4)}
16548864 9015  0 5 4 {'1121':(2,5,20),'1102':(2,5,25),'1122':(2.0,-7.0,10.0),'1100':(0,5,19),'1000':(0,5,12),'2021':(0,5,10),'2031':(0,5,14),'3031':(0,5,12),'4031':(0,5,12),'0100':(0,5,23),'0102':(0,5,4),'4131':(0,5,12),'4232':(1,5,14),'4233':(2,5,21),'4231':(0,5,12)}
33063936 17083  0 5 10 {'0011':(2.0,-7.0,7.0),'1011':(2.0,-7.0,7.0),'2021':(1,5,19),'2011':(0,5,12),'2031':(0,5,12),'3031':(0,5,10),'4031':(0,5,10),'0111':(0,5,10),'4131':(0,5,10),'4232':(0,5,20),'4233':(4.0,-7.0,-3.0),'4231':(0,5,24)}
16923 33063936  2 -6 -10 {'0212':(2,-6,-10),'0211':(3,5,20),'0213':(2,5,20),'0313':(2,5,12),'0413':(2,5,12),'1413':(2,-6,-10),'1424':(2,5,17),'3433':(2,5,12),'3424':(2,5,17),'4443':(2,-6,-10),'4433':(2,5,12)}
33063936 17171  -2 5 10 {'0011':(2.0,-7.0,8.0),'1011':(-2,5,10),'2021':(0,5,21),'2011':(-2,5,12),'2031':(-2,5,12),'3031':(-2,5,10),'4031':(-2,5,10),'0111':(-2,5,10),'4131':(-2,5,10),'4243':(-2,5,17),'4232':(-2,5,20),'4233':(3.0,-7.0,2.0),'4231':(-2,5,24)}
33063936 17207  0 5 10 {'0011':(2.0,-7.0,7.0),'1011':(2.0,-7.0,7.0),'2021':(2,5,24),'2011':(0,5,12),'2031':(0,5,12),'3031':(0,5,10),'4031':(0,5,10),'0111':(0,5,10),'4131':(0,5,10),'4232':(0,5,22),'4233':(1,5,20),'4231':(0,5,24)}
17207 16548864  0 -6 -12 {'0212':(0,-6,10),'2423':(0,-6,-12),'2414':(0,-6,10),'2433':(0,-6,-10),'4333':(0,-6,-12),'0414':(0,5,10),'1312':(0,-6,4),'1314':(0,-6,4),'1323':(2,-6,7),'1322':(1,5,10),'3433':(0,-6,-12),'4433':(0,-6,-12)}
16548864 17331  0 5 12 {'1112':(1,5,12),'1121':(1,5,32),'1122':(2.0,-7.0,12.0),'1100':(2.0,-7.0,-17.0),'1000':(2.0,-7.0,7.0),'2021':(2.0,-7.0,-7.0),'2031':(0,5,12),'3031':(0,5,12),'4031':(0,5,12),'0100':(0,5,12),'4131':(0,5,12),'4232':(0,5,23),'4233':(3.0,-7.0,9.0),'4231':(0,5,18)}
17331 32801792  0 -6 -12 {'0201':(1,5,5),'0212':(0,5,-6),'2322':(0,5,12),'2324':(0,5,10),'2333':(0,5,10),'4333':(0,5,8),'0414':(0,5,10),'1312':(0,5,8),'1314':(0,5,15),'1322':(1,5,7),'1324':(0,5,10),'3433':(0,-6,-12),'3424':(0,5,10),'4433':(0,5,8)}
32801792 17393  0 5 12 {'1112':(2,5,28),'1121':(0,5,12),'1101':(0,5,28),'1122':(2,5,28),'2021':(0,5,12),'2031':(0,5,12),'3031':(0,5,12),'4031':(0,5,12),'0001':(2.0,-7.0,-12.0),'4131':(0,5,12),'4232':(0,5,23),'4231':(0,5,20)}
33063936 16703  0 5 10 {'0011':(2.0,-7.0,10.0),'1011':(2.0,-7.0,10.0),'2021':(2,5,18),'2011':(0,5,12),'2031':(0,5,12),'3031':(0,5,10),'4031':(0,5,10),'0111':(0,5,10),'4131':(0,5,10),'4232':(0,5,20),'4233':(1,5,20),'4231':(0,5,24)}
16703 16548864  0 -6 -12 {'0203':(0,-6,12),'0212':(0,-6,10),'1312':(0,-6,10),'1323':(2,-6,10),'1303':(0,-6,4),'1322':(2,-6,6),'2423':(0,-6,-12),'2433':(0,-6,-10),'4333':(0,-6,-12),'0403':(0,5,10),'3433':(0,-6,-12),'4433':(0,-6,-12)}
16548864 16827  0 5 12 {'1112':(1,5,12),'1121':(1,5,32),'1122':(2.0,-7.0,12.0),'1100':(2.0,-7.0,-17.0),'1000':(2.0,-7.0,10.0),'2021':(0,5,12),'2031':(0,5,12),'3031':(0,5,12),'4031':(0,5,12),'0100':(0,5,12),'4131':(0,5,12),'4232':(0,5,19),'4233':(3.0,-7.0,9.0),'4231':(0,5,20)}
16548864 8511  0 5 4 {'1121':(2,5,20),'1102':(2,5,19),'1122':(2.0,-7.0,6.0),'1100':(0,5,12),'1000':(0,5,11),'2021':(0,5,10),'2031':(0,5,10),'3031':(0,5,4),'4031':(0,5,4),'0100':(0,5,19),'0102':(0,5,4),'4131':(0,5,4),'4232':(0,5,19),'4233':(2,5,21),'4231':(0,5,12)}
16548864 8891  0 5 4 {'1121':(1,5,19),'1102':(1,5,21),'1122':(4.0,-7.0,-2.0),'1100':(2.0,-7.0,-17.0),'1000':(0,5,12),'2021':(0,5,4),'2031':(0,5,7),'3031':(0,5,12),'4031':(0,5,12),'0100':(0,5,23),'0102':(2.0,-7.0,6.0),'4131':(0,5,12),'4232':(1,5,-19),'4233':(4.0,-7.0,12.0),'4231':(0,5,12)}
16548864 8891  0 5 4 {'1121':(1,5,19),'1102':(1,5,21),'1122':(4.0,-7.0,-2.0),'1100':(2.0,-7.0,-17.0),'1000':(0,5,12),'2021':(0,5,4),'2031':(0,5,7),'3031':(0,5,12),'4031':(0,5,12),'0100':(0,5,23),'0102':(2.0,-7.0,6.0),'4131':(0,5,12),'4232':(1,5,-19),'4233':(4.0,-7.0,12.0),'4231':(0,5,12)}
33063936 8731  -2 5 10 {'0011':(2.0,-7.0,12.0),'1011':(-2,5,10),'2021':(0,5,17),'2011':(-2,5,12),'2031':(-2,5,12),'3031':(-2,5,10),'4031':(-2,5,10),'0102':(0,5,17),'0111':(-2,5,10),'4131':(-2,5,10),'4243':(-2,5,17),'4232':(-2,5,15),'4233':(4.0,-7.0,-16.0),'4231':(-2,5,21)}
33063936 16954  -2 5 10 {'0011':(2.0,-7.0,12.0),'1011':(-2,5,10),'2021':(0,5,17),'2011':(-2,5,12),'2031':(-2,5,12),'3031':(-2,5,10),'4031':(-2,5,10),'0111':(-2,5,10),'4131':(-2,5,10),'4232':(-2,5,20),'4233':(-2,5,17),'4231':(-2,5,18)}